1 7.22 57.5 17.7 1649415674.924
2 3.07 0.6 11.4 1649415674.924
1 2.78 2.3 12.8 1649415675.285
1 2.97 0.4 15.1 1649415675.375
1 2.85 -1.9 17.5 1649415675.464
1 2.93 -1.2 17.8 1649415675.554
1 2.69 0.0 20.8 1649415675.645
1 2.63 -0.6 25.8 1649415675.735
1 2.82 0.0 33.8 1649415675.826
1 2.80 -0.1 31.8 1649415675.918
1 2.79 -0.2 29.6 1649415676.010
2 1.61 -0.6 11.4 1649415676.010
1 2.57 -0.1 32.6 1649415676.102
1 2.51 -0.5 32.4 1649415676.195
1 2.73 -0.6 31.5 1649415676.287
1 2.56 -0.2 31.2 1649415676.379
1 2.57 -1.2 32.4 1649415676.470
1 2.48 -0.7 32.4 1649415676.562
1 2.37 -0.7 29.0 1649415676.651
1 2.38 -0.8 30.0 1649415676.743
1 2.02 -0.6 23.5 1649415676.834
1 2.15 -0.6 27.1 1649415676.927
1 1.99 -0.7 26.3 1649415677.020
1 2.08 -1.3 25.3 1649415677.114
1 1.95 -1.1 26.8 1649415677.299
1 1.79 -0.6 26.2 1649415677.393
1 1.77 -1.6 26.2 1649415677.485
1 1.41 -0.7 27.4 1649415677.577
1 1.50 -0.5 28.9 1649415677.669
1 1.26 -0.4 30.5 1649415677.851
1 1.16 -0.6 30.6 1649415678.032
1 1.14 -0.7 32.3 1649415678.119
1 1.06 -0.6 26.7 1649415678.294
1 0.98 -1.0 30.0 1649415678.384
1 0.74 0.1 22.6 1649415678.558
1 0.81 0.6 25.4 1649415678.644
1 1.34 -0.0 18.0 1649415678.731
1 1.22 -0.0 24.8 1649415678.905
1 1.33 0.0 26.0 1649415678.992
1 1.17 0.5 30.1 1649415679.165
1 1.03 0.4 32.8 1649415679.252
1 0.97 -1.0 29.1 1649415679.342
1 1.18 0.6 31.0 1649415679.429
1 1.16 0.6 29.0 1649415679.519
1 1.38 0.5 30.7 1649415679.608
1 1.39 0.5 29.9 1649415679.698
1 1.40 0.4 30.6 1649415679.790
1 1.77 -0.5 25.1 1649415679.879
1 1.66 0.6 25.4 1649415679.968
1 1.54 0.6 27.7 1649415680.058
1 1.64 0.8 28.0 1649415680.147
1 1.39 0.6 30.5 1649415680.237
1 1.66 0.6 27.8 1649415680.325
1 1.74 0.6 28.2 1649415680.416
1 1.78 0.5 26.5 1649415680.505
1 2.07 -0.0 24.3 1649415680.596
1 1.94 1.0 24.3 1649415680.686
1 2.13 0.7 29.2 1649415680.773
1 2.19 1.2 31.5 1649415680.861
1 2.31 1.1 33.7 1649415681.037
1 2.28 0.6 33.3 1649415681.125
1 2.38 0.4 27.8 1649415681.213
1 2.45 1.1 27.9 1649415681.301
1 2.33 0.1 29.0 1649415681.389
1 2.38 0.8 32.4 1649415681.478
1 2.39 0.6 30.1 1649415681.566
1 2.32 0.1 31.6 1649415681.656
1 2.33 0.0 30.3 1649415681.743
1 2.92 -0.2 24.5 1649415681.831
1 3.01 -1.2 20.9 1649415682.008
1 2.49 0.4 28.9 1649415682.097
1 2.50 0.3 31.7 1649415682.184
1 2.56 0.0 33.0 1649415682.272
1 2.50 -0.5 31.4 1649415682.360
1 2.70 -1.2 30.3 1649415682.448
1 2.13 -0.8 26.1 1649415682.536
1 2.13 -0.6 29.8 1649415682.626
1 1.44 -1.4 16.2 1649415682.803
1 2.26 -0.5 30.4 1649415682.892
1 2.14 -1.8 29.9 1649415682.980
2 3.68 -1.8 11.3 1649415682.980
1 2.19 -0.9 23.1 1649415683.070
1 2.03 -0.6 22.2 1649415683.157
1 2.06 0.2 25.2 1649415683.245
1 1.89 -0.7 17.0 1649415683.333
1 1.59 -0.2 23.6 1649415683.598
1 1.78 -0.7 23.7 1649415683.686
1 0.98 -0.1 29.1 1649415683.950
1 1.01 -0.6 32.4 1649415684.038
1 2.89 1.2 12.8 1649415684.127
1 0.68 -0.5 25.2 1649415684.392
1 1.02 -0.5 25.0 1649415684.566
1 1.05 0.6 17.9 1649415684.655
1 0.84 -0.3 25.2 1649415684.743
1 0.91 -0.6 24.4 1649415684.831
1 0.81 -0.6 27.8 1649415684.919
1 0.79 0.7 26.0 1649415685.007
1 1.32 -4.7 23.1 1649415685.095
1 0.65 -2.0 22.7 1649415685.272
2 1.61 0.6 19.2 1649415685.272
1 0.92 -0.4 33.8 1649415685.360
1 0.97 -0.1 29.7 1649415685.448
1 0.98 0.0 28.4 1649415685.628
1 1.46 1.1 29.3 1649415685.719
1 1.68 1.2 27.4 1649415685.987
1 1.71 0.2 27.5 1649415686.075
1 1.65 0.5 28.9 1649415686.167
1 1.77 0.7 29.4 1649415686.257
1 1.77 0.4 25.6 1649415686.349
1 2.01 0.7 28.0 1649415686.705
1 2.02 0.5 23.6 1649415686.793
1 2.03 0.6 27.0 1649415686.882
1 2.13 0.8 29.4 1649415686.973
1 2.37 0.5 29.8 1649415687.063
1 2.33 0.1 30.4 1649415687.154
1 2.38 0.5 30.5 1649415687.244
1 2.44 0.2 29.9 1649415687.335
1 2.44 0.0 31.2 1649415687.426
1 2.46 0.0 31.3 1649415687.515
1 2.58 0.0 29.5 1649415687.604
1 2.35 0.7 24.0 1649415687.693
1 2.25 -0.4 22.8 1649415687.783
1 2.51 -0.5 21.9 1649415687.961
1 2.46 0.0 25.5 1649415688.049
1 2.31 0.0 23.1 1649415688.138
1 2.44 -0.1 26.3 1649415688.226
1 2.12 0.4 18.9 1649415688.493
1 8.04 55.1 18.6 1649415688.582
1 2.41 0.1 9.1 1649415688.848
1 2.78 -0.1 17.1 1649415689.118
1 2.48 -1.7 15.5 1649415689.209
1 2.25 -2.9 9.8 1649415689.564
1 7.74 55.8 22.3 1649415690.091
